Questão 1
f =

@(x) 8500 - (35e3 .* x .* (1 + x) .^ 7) ./ (((1 + x) .^ 7) - 1)

Método da Bissecção
a: 0.010	b: 0.300	err: 0.000005
i	a		f(a)		b		f(b)		xr		f(xr)		ea
2	 0.010000	 3298.010098	 0.155000	-39.163831	 0.155000	-39.163831	 0.145000
3	 0.082500	 1719.879252	 0.155000	-39.163831	 0.082500	 1719.879252	 0.072500
4	 0.118750	 861.252456	 0.155000	-39.163831	 0.118750	 861.252456	 0.036250
5	 0.136875	 416.049835	 0.155000	-39.163831	 0.136875	 416.049835	 0.018125
6	 0.145937	 189.667160	 0.155000	-39.163831	 0.145937	 189.667160	 0.009063
7	 0.150469	 75.554311	 0.155000	-39.163831	 0.150469	 75.554311	 0.004531
8	 0.152734	 18.270478	 0.155000	-39.163831	 0.152734	 18.270478	 0.002266
9	 0.152734	 18.270478	 0.153867	-10.427920	 0.153867	-10.427920	 0.001133
10	 0.153301	 3.925975	 0.153867	-10.427920	 0.153301	 3.925975	 0.000566
11	 0.153301	 3.925975	 0.153584	-3.249799	 0.153584	-3.249799	 0.000283
12	 0.153442	 0.338381	 0.153584	-3.249799	 0.153442	 0.338381	 0.000142
13	 0.153442	 0.338381	 0.153513	-1.455635	 0.153513	-1.455635	 0.000071
14	 0.153442	 0.338381	 0.153478	-0.558609	 0.153478	-0.558609	 0.000035
15	 0.153442	 0.338381	 0.153460	-0.110109	 0.153460	-0.110109	 0.000018
16	 0.153451	 0.114137	 0.153460	-0.110109	 0.153451	 0.114137	 0.000009
Raiz:  0.153456

Método da Secante
x0: 0.010	x1: 0.300	err: 0.000005
i	xr		f(xr)		ea
2	 0.141222	 307.770356	 1.124315
3	 0.152591	 21.904736	 0.074505
4	 0.153462	-0.157706	 0.005677
5	 0.153456	 0.000079	 0.000041
6	 0.153456	 0.000000	 0.000000
Raiz:  0.153456
Iteração: 6

--------------------------------------

Questão 2
f =

@(t) (320e3 ./ (1 + (32e3 .* e .^ (-.09 .* t)))) - (96e3 .* e .^ (-.05 .* t)) - 132e3

Método da Falsa Posição
a: 100.000	b: 120.000	err: 0.000001
i	a		f(a)		b		f(b)		xr		f(xr)		ea
1	 100.000000	-67988.801612	 120.000000	 61374.743487	 110.511277	-6069.104153	 6069.104153
1	 100.000000	-67988.801612	 120.000000	 61374.743487	 110.511277	-6069.104153	 6069.104153
2	 110.511277	-6069.104153	 120.000000	 61374.743487	 111.365143	-132.820346	 6069.104153
3	 111.365143	-132.820346	 120.000000	 61374.743487	 111.383790	-2.250194	 132.820346
4	 111.383790	-2.250194	 120.000000	 61374.743487	 111.384106	-0.037880	 2.250194
5	 111.384106	-0.037880	 120.000000	 61374.743487	 111.384111	-0.000638	 0.037880
6	 111.384111	-0.000638	 120.000000	 61374.743487	 111.384111	-0.000011	 0.000638
7	 111.384111	-0.000011	 120.000000	 61374.743487	 111.384111	-0.000000	 0.000011
Raiz:  111.384111

Método da Secante
x0: 100.000	x1: 120.000	err: 0.000001
i	xr		f(xr)		ea
2	 110.511277	-6069.104153	 0.085862
3	 111.365143	-132.820346	 0.007667
4	 111.384248	 0.960585	 0.000172
5	 111.384111	-0.000140	 0.000001
6	 111.384111	-0.000000	 0.000000
Raiz:  111.384111
Iteração: 6

--------------------------------------

Questão 3
f =

@(x) (3.576515 .* x) ./ ((x .^ 2 + .7225) .^ (3 / 2)) - 1.25

Método da Bissecção
a: 0.000	b: 1.000	err: 0.000001
i	a		f(a)		b		f(b)		xr		f(xr)		ea
2	 0.000000	-1.250000	 0.500000	 0.614643	 0.500000	 0.614643	 0.500000
3	 0.000000	-1.250000	 0.250000	 0.035570	 0.250000	 0.035570	 0.250000
4	 0.125000	-0.545023	 0.250000	 0.035570	 0.125000	-0.545023	 0.125000
5	 0.187500	-0.233159	 0.250000	 0.035570	 0.187500	-0.233159	 0.062500
6	 0.218750	-0.092890	 0.250000	 0.035570	 0.218750	-0.092890	 0.031250
7	 0.234375	-0.027136	 0.250000	 0.035570	 0.234375	-0.027136	 0.015625
8	 0.234375	-0.027136	 0.242188	 0.004602	 0.242188	 0.004602	 0.007812
9	 0.238281	-0.011171	 0.242188	 0.004602	 0.238281	-0.011171	 0.003906
10	 0.240234	-0.003260	 0.242188	 0.004602	 0.240234	-0.003260	 0.001953
11	 0.240234	-0.003260	 0.241211	 0.000677	 0.241211	 0.000677	 0.000977
12	 0.240723	-0.001290	 0.241211	 0.000677	 0.240723	-0.001290	 0.000488
13	 0.240967	-0.000306	 0.241211	 0.000677	 0.240967	-0.000306	 0.000244
14	 0.240967	-0.000306	 0.241089	 0.000186	 0.241089	 0.000186	 0.000122
15	 0.241028	-0.000060	 0.241089	 0.000186	 0.241028	-0.000060	 0.000061
16	 0.241028	-0.000060	 0.241058	 0.000063	 0.241058	 0.000063	 0.000031
17	 0.241028	-0.000060	 0.241043	 0.000001	 0.241043	 0.000001	 0.000015
18	 0.241035	-0.000030	 0.241043	 0.000001	 0.241035	-0.000030	 0.000008
19	 0.241039	-0.000014	 0.241043	 0.000001	 0.241039	-0.000014	 0.000004
20	 0.241041	-0.000006	 0.241043	 0.000001	 0.241041	-0.000006	 0.000002
Raiz:  0.241042

Método da Iteração Linear
g =

@(x) .3495 .* (x .^ 2 + .7225) .^ (3 / 2)

a: 0.000	b: 1.000	err: 0.000001
i	xr		f(xr)		ea
1	 0.214637	-0.110696	 1.000000
2	 0.235489	-0.022562	 0.088551
3	 0.239817	-0.004949	 0.018043
4	 0.240768	-0.001107	 0.003953
5	 0.240980	-0.000253	 0.000879
6	 0.241027	-0.000063	 0.000196
7	 0.241038	-0.000020	 0.000044
8	 0.241040	-0.000011	 0.000010
9	 0.241041	-0.000009	 0.000002
10	 0.241041	-0.000008	 0.000000
Raiz:  0.241041

--------------------------------------

Questão 4
f =

@(h) -h .^ 3 + 3 .* h .^ 2 - 16 / 5

Método da Falsa Posição
a: 1.000	b: 2.000	err: 0.000001
i	a		f(a)		b		f(b)		xr		f(xr)		ea
1	 1.000000	-1.200000	 2.000000	 0.800000	 1.600000	 0.384000	 0.384000
1	 1.000000	-1.200000	 2.000000	 0.800000	 1.600000	 0.384000	 0.384000
2	 1.000000	-1.200000	 1.600000	 0.384000	 1.454545	 0.069722	 0.384000
3	 1.000000	-1.200000	 1.454545	 0.069722	 1.429586	 0.009480	 0.069722
4	 1.000000	-1.200000	 1.429586	 0.009480	 1.426219	 0.001228	 0.009480
5	 1.000000	-1.200000	 1.426219	 0.001228	 1.425783	 0.000158	 0.001228
6	 1.000000	-1.200000	 1.425783	 0.000158	 1.425727	 0.000020	 0.000158
7	 1.000000	-1.200000	 1.425727	 0.000020	 1.425720	 0.000003	 0.000020
8	 1.000000	-1.200000	 1.425720	 0.000003	 1.425719	 0.000000	 0.000003
Raiz:  1.425719

Método de Newton-Raphson
df =

@(h) -3 .* h .^ 2 + 6 .* h

x0: 1.000	x1: 2.000	err: 0.000001
i	xr		f(xr)		ea
0	 1.000000	-0.064000	 0.285714
1	 1.400000	-0.000790	 0.017817
2	 1.425397	-0.000000	 0.000226
3	 1.425718	-0.000000	 0.000000
Raiz:  1.425718

--------------------------------------

Questão 5
f =

@(t) 1800 .* log (160e3 ./ (160e3 - 2600 .* t)) - 9.81 .* t - 750

Método da Bissecção
a: 10.000	b: 30.000	err: 0.001000
i	a		f(a)		b		f(b)		xr		f(xr)		ea
2	 20.000000	-238.723341	 30.000000	 158.918222	 20.000000	-238.723341	 10.000000
3	 25.000000	-56.915537	 30.000000	 158.918222	 25.000000	-56.915537	 5.000000
4	 25.000000	-56.915537	 27.500000	 46.133274	 27.500000	 46.133274	 2.500000
5	 26.250000	-6.521109	 27.500000	 46.133274	 26.250000	-6.521109	 1.250000
6	 26.250000	-6.521109	 26.875000	 19.513445	 26.875000	 19.513445	 0.625000
7	 26.250000	-6.521109	 26.562500	 6.424319	 26.562500	 6.424319	 0.312500
8	 26.406250	-0.066197	 26.562500	 6.424319	 26.406250	-0.066197	 0.156250
9	 26.406250	-0.066197	 26.484375	 3.174591	 26.484375	 3.174591	 0.078125
10	 26.406250	-0.066197	 26.445312	 1.553082	 26.445312	 1.553082	 0.039062
11	 26.406250	-0.066197	 26.425781	 0.743164	 26.425781	 0.743164	 0.019531
12	 26.406250	-0.066197	 26.416016	 0.338414	 26.416016	 0.338414	 0.009766
13	 26.406250	-0.066197	 26.411133	 0.136091	 26.411133	 0.136091	 0.004883
14	 26.406250	-0.066197	 26.408691	 0.034942	 26.408691	 0.034942	 0.002441
15	 26.407471	-0.015628	 26.408691	 0.034942	 26.407471	-0.015628	 0.001221
Raiz:  26.408081

Método da Iteração Linear
g =

@(t) (-1800 .* log (160e3 ./ (160e3 - 2600 .* t)) + 750) ./ 9.81

a: 0.000	b: 1.000	err: 0.000001
i	xr		f(xr)		ea
1	 43.914248	 1069.900783	 0.772283
2	-152.976509	-1496.991332	 1.287065
3	 305.575014	-6227.471056	 1.500619
4	 329.233452	-8182.513053	 0.869078
5	 504.865737	-9728.825574	 1.537622
6	 486.859601	-9680.406187	 1.233957
7	 499.930020	-9789.580513	 1.333085
8	 497.988483	-9781.671940	 1.304025
9	 499.123846	-9791.090617	 1.313079
10	 498.948593	-9790.358531	 1.310485
11	 499.049219	-9791.192775	 1.311291
12	 499.033633	-9791.127524	 1.311061
13	 499.042568	-9791.201595	 1.311132
14	 499.041183	-9791.195798	 1.311112
15	 499.041977	-9791.202376	 1.311118
16	 499.041854	-9791.201861	 1.311116
17	 499.041924	-9791.202445	 1.311117
18	 499.041913	-9791.202400	 1.311117
19	 499.041920	-9791.202451	 1.311117
20	 499.041919	-9791.202447	 1.311117
21	 499.041919	-9791.202452	 1.311117
22	 499.041919	-9791.202452	 1.311117
23	 499.041919	-9791.202452	 1.311117
24	 499.041919	-9791.202452	 1.311117
25	 499.041919	-9791.202452	 1.311117
26	 499.041919	-9791.202452	 1.311117
27	 499.041919	-9791.202452	 1.311117
28	 499.041919	-9791.202452	 1.311117
29	 499.041919	-9791.202452	 1.311117
30	 499.041919	-9791.202452	 1.311117
Raiz:  499.041919

--------------------------------------

Questão 6
f =

@(y) 1 - (400 ./ (9.81 .* (3 .* y + (y .^ 2) ./ 2) .^ 3)) .* (3 + y)

Método da Falsa Posição
a: 1.000	b: 2.000	err: 0.010000
i	a		f(a)		b		f(b)		xr		f(xr)		ea
1	 1.000000	-2.804055	 2.000000	 0.601809	 1.823302	 0.457900	 0.457900
1	 1.000000	-2.804055	 2.000000	 0.601809	 1.823302	 0.457900	 0.457900
2	 1.000000	-2.804055	 1.823302	 0.457900	 1.707730	 0.326628	 0.457900
3	 1.000000	-2.804055	 1.707730	 0.326628	 1.633892	 0.221033	 0.326628
4	 1.000000	-2.804055	 1.633892	 0.221033	 1.587576	 0.143846	 0.221033
5	 1.000000	-2.804055	 1.587576	 0.143846	 1.558904	 0.091120	 0.143846
6	 1.000000	-2.804055	 1.558904	 0.091120	 1.541314	 0.056703	 0.091120
7	 1.000000	-2.804055	 1.541314	 0.056703	 1.530584	 0.034889	 0.056703
8	 1.000000	-2.804055	 1.530584	 0.034889	 1.524064	 0.021315	 0.034889
9	 1.000000	-2.804055	 1.524064	 0.021315	 1.520110	 0.012966	 0.021315
10	 1.000000	-2.804055	 1.520110	 0.012966	 1.517716	 0.007866	 0.012966
Raiz:  1.516268

Método da Secante
x0: 1.000	x1: 2.000	err: 0.010000
i	xr		f(xr)		ea
2	 1.823302	 0.457900	 0.096911
3	 1.261072	-0.810412	 0.445834
4	 1.620320	 0.199371	 0.221714
5	 1.549390	 0.072709	 0.045779
6	 1.508674	-0.011705	 0.026988
7	 1.514320	 0.000572	 0.003728
Raiz:  1.514320
Iteração: 7

--------------------------------------

